39352576
39352394
39312089
39198650
38776920
38701783
38557723
38422122
38363432
38175961
38157855
38048195
37875108
37779520
37448622
37083451
37047709
36763636
36515678
36736301
36326697
36342405
36425144
36094518
36003377
35670811
35091979
35090163
34427831
34623332
34183838
34413140
34137790
34214472
34183371
33876776
33529170
33497357
33510449
32960813
33296702
32972995
32163377
31995689
31784499
31270247
31346092
31046570
30578925
31231515
31559014
30578352
30143481
29907691
29537367
28437470
28069966
27347375
26720836
25819983
24949794
24332264
24603545
24391215
24119913
23543769
23467413
23487427
22535679
21695123
21050116
20176798
18582518
18424515
17230419
39048830
38776920
40446017
40275935
39603236